3rd degree B-spline parameterizations of the baseline geometry
(as described on https://github.com/rfenrich/F100-nozzle/wiki)

20 knot parameterization (20 design variables)
knots = [0 0 0 0 1:12 13 13 13 13]';
coefs = [0.0000 0.0000 0.1500 0.1700 0.1900 0.2124 0.2269 0.2734 0.3218 0.3343 0.3474 0.4392 0.4828 0.5673 0.6700 0.6700;
         0.3255 0.3255 0.3255 0.3255 0.3255 0.3238 0.2981 0.2817 0.2787 0.2790 0.2804 0.2936 0.2978 0.3049 0.3048 0.3048];

32 knot parameterization (44 design variables)
knots = [0 0 0 0 1:24 25 25 25 25]';		 
coefs = [0.0000 0.0000 0.1500 0.1700 0.1900 0.2018 0.2140 0.2257 0.2380 0.2501 0.2623 0.2744 0.2866 0.2987 0.3299 0.3466 0.3670 0.3880 0.4034 0.4255 0.4510 0.4761 0.4993 0.5230 0.5554 0.5962 0.6700 0.6700;
         0.3255 0.3255 0.3255 0.3255 0.3255 0.3248 0.3190 0.3033 0.2960 0.2903 0.2866 0.2836 0.2818 0.2801 0.2782 0.2804 0.2832 0.2862 0.2884 0.2914 0.2946 0.2972 0.2991 0.3012 0.3029 0.3046 0.3048 0.3048];
	
64 knot parameterization (106 design variables)
knots = [0 0 0 0 1:55 56 56 56 56]';	
coefs = [0.0000 0.0000 0.1500 0.1700 0.1900 0.1988 0.2138 0.2226 0.2328 0.2416 0.2504 0.2606 0.2694 0.2782 0.2869 0.2957 0.3045 0.3132 0.3220 0.3308 0.3396 0.3483 0.3571 0.3659 0.3746 0.3834 0.3922 0.4009 0.4097 0.4185 0.4272 0.4360 0.4448 0.4536 0.4623 0.4711 0.4799 0.4886 0.4989 0.5077 0.5175 0.5263 0.5353 0.5441 0.5529 0.5616 0.5704 0.5792 0.5879 0.5967 0.6075 0.6168 0.6262 0.6349 0.6437 0.6525 0.6612 0.6700 0.6700;
         0.3255 0.3255 0.3255 0.3255 0.3255 0.3253 0.3197 0.3067 0.2991 0.2942 0.2904 0.2871 0.2848 0.2830 0.2817 0.2806 0.2799 0.2793 0.2790 0.2787 0.2796 0.2807 0.2819 0.2831 0.2843 0.2856 0.2867 0.2880 0.2892 0.2905 0.2916 0.2927 0.2938 0.2948 0.2957 0.2966 0.2975 0.2982 0.2991 0.2998 0.3006 0.3012 0.3018 0.3022 0.3027 0.3031 0.3035 0.3038 0.3040 0.3041 0.3044 0.3044 0.3046 0.3046 0.3047 0.3047 0.3046 0.3048 0.3048];
